100 1
99 1
89 1
45 1
121 2
117 2
104 2
102 2
61 2
106 3
56 4
57 7
32 7

105 1
102 1
85 1
70 1
68 1
65 1
57 1
51 1
49 1
45 1
121 2
115 2
100 2
56 2
54 2
52 2
103 3
32 6

115 1
110 1
109 1
98 1
53 1
50 1
45 1
118 2
117 2
116 2
106 2
57 2
56 2
51 2
49 2
32 3
103 5

121 1
101 1
100 1
97 1

119 1
50 1
49 1

117 1
53 1
52 1
51 1
49 1
32 1

121 1
101 1
32 1

121 1
117 1
104 1
103 1
52 1
54 2
50 2
53 4
32 4

117 1
104 1
54 1
53 1
52 1
50 1
32 1

117 1
51 1
54 2
53 2
50 2
32 2

110 1
54 1
53 1
50 1

106 1
55 1
54 1
51 1
50 1
32 1

113 1
106 1
53 1
52 1

114 1
101 1
98 1
53 1
52 1
50 1

93 1
54 1
53 1
121 2
104 2
55 2
52 3
50 3

117 1
109 1
107 1
105 1
56 1
54 1
52 1
51 1
50 2
53 3
