106 1
102 1
100 1

57 1
45 1

117 1
104 1
102 1
99 1
106 2
57 2
56 2

104 1
61 1
57 1
56 1

61 1
57 1

121 1
117 1

57 1
56 1

121 1
89 1
57 1

121 1
115 1
68 1
65 1

121 1
57 1
56 1
45 1

85 1
70 1
56 1

103 1
52 1

103 1
52 1

115 1
105 1
103 1
102 1
51 1
49 1
100 2
54 2

117 1
116 1
103 1
57 1
56 1
51 1

118 1
117 1
116 1
110 1
109 1
106 1
98 1
57 1
56 1
53 1
50 1
49 1
45 1
103 2

118 1
115 1
106 1
51 1
49 1
103 2

121 1
101 1
100 1
97 1

119 1
50 1
49 1

117 1
53 1
52 1
51 1
49 1

121 1

101 1

103 1
53 1

104 1
54 1
53 1
52 1
50 1

121 1
117 1
54 1
53 1
50 1

53 1

117 1
104 1
54 1
53 1
52 1
50 1

117 1
54 1
53 1
51 1
50 1

54 1
53 1
50 1

110 1
54 1
53 1
50 1

106 1

55 1
54 1
51 1
50 1

113 1
106 1
53 1
52 1

114 1
101 1
98 1
53 1
52 1
50 1

93 1
54 1
53 1
121 2
104 2
55 2
52 3
50 3

117 1
109 1
107 1
105 1
56 1
54 1
52 1
51 1
50 2
53 3
